#BVGraph properties
#Fri Nov 04 09:36:18 CET 2011
compratio=0.396
bitsforblocks=967947
residualarcs=818172
version=0
zetak=3
residualexpstats=252564,169885,70380,42021,27720,17918,10859,7484,6674,6968,7655,11461,17050,25774,35874,37684,35403,23356,11442
avgref=0.714
residualavggap=19295.516
avgbitsforoutdegrees=4.492
windowsize=7
bitsforintervals=853741
copiedarcs=521038
avgbitsforblocks=2.967
bitsperlink=6.911
bitsforresiduals=7335105
bitsforreferences=541879
avgdist=0.74
successoravgloggap=4.18587917169424
avgbitsforreferences=1.661
successoravggap=13431.438
maxrefcount=3
successorexpstats=748859,280771,114132,75395,46121,26975,16541,10982,8816,9381,9862,14387,21502,33056,47220,52221,51462,32904,14813
nodes=326186
compressionflags=
intervalisedarcs=276190
bitspernode=34.226
arcs=1615400
bitsforoutdegrees=1465308
avgbitsforintervals=2.617
minintervallength=4
graphclass=it.unimi.dsi.webgraph.BVGraph
avgbitsforresiduals=22.487
residualavgloggap=5.479408302610464
