#BVGraph properties
#Sun Dec 06 17:03:29 PST 2015
compratio=1.071
bitsforblocks=6052106
residualarcs=41518933
version=0
zetak=3
residualexpstats=213874,395654,678861,1022389,1332242,1509905,1609856,1828874,2186168,2580203,3073350,3622151,4216129,4767071,4630307,3673011,2218488,934331,359221,280477,385695
avgref=0.569
residualavggap=42591.977
avgbitsforoutdegrees=8.936
windowsize=7
bitsforintervals=996945
copiedarcs=863806
avgbitsforblocks=6.22
bitsperlink=17.01
bitsforresiduals=703108325
bitsforreferences=2159730
avgdist=1.222
successoravgloggap=11.58868484964006
avgbitsforreferences=2.22
successoravggap=42203.337
maxrefcount=3
successorexpstats=217328,396374,679983,1023633,1333891,1512798,1614180,1838746,2201334,2605497,3120694,3682786,4312455,4951789,4845607,3832246,2268704,930319,353037,274832,390119
nodes=972933
compressionflags=
intervalisedarcs=4273
bitspernode=741.07
arcs=42387012
bitsforoutdegrees=8694223
avgbitsforintervals=1.025
minintervallength=4
graphclass=it.unimi.dsi.webgraph.BVGraph
avgbitsforresiduals=722.669
residualavgloggap=11.549493856468743
