#BVGraph properties
#Sun Dec 06 16:57:14 PST 2015
compratio=1.209
bitsforblocks=6009926
residualarcs=22169580
version=0
zetak=3
residualexpstats=1589,2967,7135,12147,25848,53674,95972,203062,382675,671634,1198409,1840305,2604734,3491800,3847626,3394695,2243248,1024520,404670,287454,374547
avgref=0.607
residualavggap=77801.988
avgbitsforoutdegrees=8.319
windowsize=7
bitsforintervals=966308
copiedarcs=871908
avgbitsforblocks=6.177
bitsperlink=20.272
bitsforresiduals=449792484
bitsforreferences=2226635
avgdist=1.294
successoravgloggap=14.050035129405135
avgbitsforreferences=2.289
successoravggap=75843.249
maxrefcount=3
successorexpstats=1650,3002,7294,12432,26381,54908,97753,209577,393913,692387,1241380,1897737,2697397,3677310,4075590,3568049,2302268,1023344,398042,280720,379508
nodes=972933
compressionflags=
intervalisedarcs=0
bitspernode=480.083
arcs=23041488
bitsforoutdegrees=8093389
avgbitsforintervals=0.993
minintervallength=4
graphclass=it.unimi.dsi.webgraph.BVGraph
avgbitsforresiduals=462.306
residualavgloggap=14.06107475355435
