#BVGraph properties
#Wed Mar 27 21:32:25 CET 2013
compratio=0.658
bitsforblocks=15748610
residualarcs=16704826
version=0
zetak=3
residualexpstats=1040250,970209,974235,974888,1098335,1089711,1082643,1052861,1042915,954731,865726,685746,528888,473949,566823,747592,788044,744203,520313,279423,222399
avgref=1.621
residualavggap=63616.812
avgbitsforoutdegrees=8.319
windowsize=7
bitsforintervals=2823635
copiedarcs=5838397
avgbitsforblocks=16.187
bitsperlink=11.033
bitsforresiduals=224394466
bitsforreferences=3163310
avgdist=2.257
successoravgloggap=8.046206883732632
avgbitsforreferences=3.251
successoravggap=55819.276
maxrefcount=3
successorexpstats=3363655,1523823,1343723,1234266,1391515,1304167,1393286,1277154,1245270,1172323,1042576,846620,646988,542843,658104,872983,959137,1010707,636174,302994,272680
nodes=972933
compressionflags=
intervalisedarcs=498265
bitspernode=261.296
arcs=23041488
bitsforoutdegrees=8093389
avgbitsforintervals=2.902
minintervallength=4
graphclass=it.unimi.dsi.webgraph.BVGraph
avgbitsforresiduals=230.637
residualavgloggap=8.942880528901835
